SM:2020-02-14T02:39:13.7653077Z
LM:2020-02-14T02:39:29.1583635Z
CT:image/jpeg
MA:2592000
