SM:2020-02-14T02:39:13.8548253Z
LM:2020-02-14T02:39:28.7476746Z
CT:image/jpeg
MA:2592000
