SM:2020-02-14T02:39:13.8548253Z
LM:2020-02-14T02:39:29.5176161Z
CT:image/jpeg
MA:2592000
