SM:2020-02-14T02:39:13.8488671Z
LM:2020-02-14T02:39:28.7477010Z
CT:image/jpeg
MA:2592000
