SM:2020-02-14T02:39:13.8978363Z
LM:2020-02-14T02:39:29.5730824Z
CT:image/jpeg
MA:2592000
