SM:2020-02-14T02:39:13.7803092Z
LM:2020-02-14T02:39:29.1582076Z
CT:image/jpeg
MA:2592000
