SM:2020-02-14T02:39:13.8368300Z
LM:2020-02-14T02:39:28.7748901Z
CT:image/jpeg
MA:2592000
