SM:2020-02-14T02:39:13.7523100Z
LM:2020-02-14T02:39:29.2015622Z
CT:image/jpeg
MA:2592000
