SM:2020-02-14T02:39:13.7713066Z
LM:2020-02-14T02:39:29.1576039Z
CT:image/jpeg
MA:2592000
