SM:2020-02-14T02:39:13.8898340Z
LM:2020-02-14T02:39:29.5144987Z
CT:image/jpeg
MA:2592000
