SM:2020-02-14T02:39:13.8738237Z
LM:2020-02-14T02:39:29.5683545Z
CT:image/jpeg
MA:2592000
