SM:2020-02-14T02:39:13.8428277Z
LM:2020-02-14T02:39:29.3454046Z
CT:image/jpeg
MA:2592000
