SM:2020-02-14T02:39:13.9068401Z
LM:2020-02-14T02:39:29.3597546Z
CT:image/jpeg
MA:2592000
